-1.083799000000000012e-09 3.899999999994179234e-01
-1.083786000000000004e-09 1.789999999997235136e+00
-1.083807999999999986e-09 3.169999999998253770e+00
-1.083716000000000024e-09 4.559999999997671694e+00
-1.083670000000000043e-09 5.949999999997089617e+00
-1.083668999999999931e-09 7.329999999998108251e+00
-1.083779999999999953e-09 8.719999999997526174e+00
-1.083770999999999979e-09 1.010999999999694410e+01
-1.083779000000000048e-09 1.150000000000000000e+01
-1.083727999999999920e-09 1.288999999999941792e+01
-1.083722000000000076e-09 1.426999999999679858e+01
-1.083729999999999938e-09 1.565999999999985448e+01
-1.083775000000000013e-09 1.704999999999927240e+01
-1.083892999999999992e-09 1.842999999999665306e+01
-1.083838999999999942e-09 1.981999999999970896e+01
-1.083788999999999927e-09 2.120999999999912689e+01
-1.083770999999999979e-09 2.259999999999854481e+01
-1.083737000000000101e-09 2.397999999999956344e+01
-1.083788999999999927e-09 2.536999999999898137e+01
-1.083797999999999900e-09 2.675999999999839929e+01
-1.083740999999999929e-09 2.813999999999941792e+01
-1.083729999999999938e-09 2.952999999999883585e+01
-1.083796000000000090e-09 3.091999999999825377e+01
-1.083783000000000082e-09 3.229999999999927240e+01
-1.083729000000000032e-09 3.368999999999869033e+01
-1.083788000000000022e-09 3.507999999999810825e+01
-1.083840000000000054e-09 3.646999999999752617e+01
-1.083742999999999946e-09 3.784999999999854481e+01
-1.083764000000000022e-09 3.923999999999796273e+01
-1.083790999999999944e-09 4.062999999999738066e+01
-1.083751000000000014e-09 4.201999999999679858e+01
-1.083803999999999952e-09 4.339999999999781721e+01
-1.083825000000000029e-09 4.478999999999723514e+01
-1.083738000000000006e-09 4.617999999999665306e+01
-1.083812000000000021e-09 4.755999999999767169e+01
-1.083853999999999967e-09 4.894999999999708962e+01
-1.083725999999999903e-09 5.034000000000014552e+01
-1.083825000000000029e-09 5.172999999999956344e+01
-1.083840000000000054e-09 5.311999999999898137e+01
-1.083735000000000084e-09 5.450000000000000000e+01
-1.083803999999999952e-09 5.588999999999941792e+01
-1.083753000000000031e-09 5.727999999999883585e+01
-1.083718000000000041e-09 5.866999999999825377e+01
-1.083805000000000064e-09 6.004999999999927240e+01
-1.083755999999999954e-09 6.143999999999869033e+01
-1.083727999999999920e-09 6.282999999999810825e+01
-1.083788999999999927e-09 6.421999999999752617e+01
-1.083768999999999962e-09 6.559999999999854481e+01
-1.083759999999999988e-09 6.698999999999796273e+01
-1.083703000000000016e-09 6.837999999999738066e+01
-1.083683000000000051e-09 6.976999999999679858e+01
-1.083731999999999955e-09 7.114999999999781721e+01
-1.083775000000000013e-09 7.253999999999723514e+01
-1.083753000000000031e-09 7.392999999999665306e+01
-1.083740999999999929e-09 7.530999999999767169e+01
-1.083773999999999901e-09 7.669999999999708962e+01
-1.083851999999999950e-09 7.809000000000014552e+01
-1.083781999999999970e-09 7.947999999999956344e+01
-1.083785000000000099e-09 8.085999999999694410e+01
-1.083788999999999927e-09 8.225000000000000000e+01
-1.083871999999999915e-09 8.363999999999941792e+01
-1.083759000000000083e-09 8.502999999999883585e+01
-1.083753999999999937e-09 8.640999999999985448e+01
-1.083840999999999959e-09 8.779999999999927240e+01
-1.083810000000000003e-09 8.918999999999869033e+01
-1.083707999999999956e-09 9.056999999999970896e+01
-1.083722000000000076e-09 9.195999999999912689e+01
-1.083818999999999977e-09 9.334999999999854481e+01
-1.083724000000000093e-09 9.473999999999796273e+01
-1.083772000000000091e-09 9.612999999999738066e+01
-1.083785000000000099e-09 9.750999999999839929e+01
-1.083759999999999988e-09 9.889999999999781721e+01
-1.083796999999999995e-09 1.002899999999972351e+02
-1.083713000000000102e-09 1.016699999999982538e+02
-1.083742999999999946e-09 1.030599999999976717e+02
-1.083818000000000072e-09 1.044499999999970896e+02
-1.083757999999999971e-09 1.058400000000001455e+02
-1.083762000000000005e-09 1.072199999999975262e+02
-1.083766000000000040e-09 1.086099999999969441e+02
-1.083853999999999967e-09 1.100000000000000000e+02
-1.083722000000000076e-09 1.113899999999994179e+02
-1.083781000000000065e-09 1.127699999999967986e+02
-1.083860999999999924e-09 1.141599999999998545e+02
-1.083692000000000025e-09 1.155499999999992724e+02
-1.083748999999999997e-09 1.169399999999986903e+02
-1.083842999999999976e-09 1.183199999999997090e+02
-1.083792000000000056e-09 1.197099999999991269e+02
-1.083786999999999910e-09 1.210999999999985448e+02
-1.083803000000000047e-09 1.224899999999979627e+02
-1.083849000000000028e-09 1.238699999999989814e+02
