-1.991023000000000146e-09 3.799999999973806553e-01
-1.991182999999999864e-09 1.779999999998835847e+00
-1.991124000000000082e-09 3.159999999999854481e+00
-1.991147999999999874e-09 4.549999999999272404e+00
-1.991089999999999997e-09 5.939999999998690328e+00
-1.991164000000000012e-09 7.329999999998108251e+00
-1.991263000000000137e-09 8.709999999999126885e+00
-1.991233999999999992e-09 1.009999999999854481e+01
-1.991181999999999959e-09 1.148999999999796273e+01
-1.991151000000000003e-09 1.286999999999898137e+01
-1.991103999999999910e-09 1.425999999999839929e+01
-1.991197000000000191e-09 1.564999999999781721e+01
-1.991167000000000141e-09 1.703999999999723514e+01
-1.991015999999999983e-09 1.841999999999825377e+01
-1.991139999999999806e-09 1.980999999999767169e+01
-1.991119000000000143e-09 2.120000000000072760e+01
-1.991137000000000090e-09 2.257999999999810825e+01
-1.991194999999999967e-09 2.396999999999752617e+01
-1.991338000000000057e-09 2.536000000000058208e+01
-1.991163000000000106e-09 2.675000000000000000e+01
-1.991300999999999843e-09 2.812999999999738066e+01
-1.991261999999999818e-09 2.952000000000043656e+01
-1.991207999999999975e-09 3.090999999999985448e+01
-1.991168000000000046e-09 3.229999999999927240e+01
-1.991158000000000167e-09 3.368000000000029104e+01
-1.991190000000000028e-09 3.506999999999970896e+01
-1.991126999999999798e-09 3.645999999999912689e+01
-1.991207000000000070e-09 3.784000000000014552e+01
-1.991145000000000159e-09 3.922999999999956344e+01
-1.991224000000000113e-09 4.061999999999898137e+01
-1.991098000000000066e-09 4.200999999999839929e+01
-1.991213999999999820e-09 4.338999999999941792e+01
-1.991256999999999879e-09 4.477999999999883585e+01
-1.991225000000000018e-09 4.616999999999825377e+01
-1.991160999999999882e-09 4.755999999999767169e+01
-1.991200999999999812e-09 4.893999999999869033e+01
-1.991089999999999997e-09 5.032999999999810825e+01
-1.991176000000000115e-09 5.171999999999752617e+01
-1.991106000000000134e-09 5.309999999999854481e+01
-1.991222999999999794e-09 5.448999999999796273e+01
-1.991291999999999869e-09 5.587999999999738066e+01
-1.991208999999999881e-09 5.727000000000043656e+01
-1.991242000000000060e-09 5.865999999999985448e+01
-1.991169999999999856e-09 6.003999999999723514e+01
-1.991241000000000155e-09 6.143000000000029104e+01
-1.991190000000000028e-09 6.281999999999970896e+01
-1.991238000000000026e-09 6.420000000000072760e+01
-1.991220999999999984e-09 6.559000000000014552e+01
-1.991130999999999832e-09 6.697999999999956344e+01
-1.991149000000000193e-09 6.836999999999898137e+01
-1.991110000000000169e-09 6.975000000000000000e+01
-1.991159999999999977e-09 7.113999999999941792e+01
-1.991165999999999822e-09 7.252999999999883585e+01
-1.991159000000000072e-09 7.391999999999825377e+01
-1.991076000000000084e-09 7.529999999999927240e+01
-1.990976000000000053e-09 7.668999999999869033e+01
-1.991028999999999991e-09 7.807999999999810825e+01
-1.991115000000000108e-09 7.946999999999752617e+01
-1.991025999999999862e-09 8.084999999999854481e+01
-1.990968999999999890e-09 8.223999999999796273e+01
-1.991027000000000180e-09 8.362999999999738066e+01
-1.990941999999999968e-09 8.502000000000043656e+01
-1.991088000000000187e-09 8.640999999999985448e+01
-1.991138999999999900e-09 8.778999999999723514e+01
-1.991024000000000051e-09 8.918000000000029104e+01
-1.991015999999999983e-09 9.056999999999970896e+01
-1.991068000000000015e-09 9.195000000000072760e+01
-1.991116999999999919e-09 9.334000000000014552e+01
-1.991034999999999836e-09 9.472999999999956344e+01
-1.991137999999999995e-09 9.611000000000058208e+01
-1.991212000000000010e-09 9.750000000000000000e+01
-1.991032000000000120e-09 9.888999999999941792e+01
-1.991081999999999929e-09 1.002799999999988358e+02
-1.991020999999999922e-09 1.016599999999998545e+02
-1.991021999999999827e-09 1.030499999999992724e+02
-1.990985000000000027e-09 1.044399999999986903e+02
-1.991146000000000064e-09 1.058299999999981083e+02
-1.990954000000000071e-09 1.072099999999991269e+02
-1.991033999999999930e-09 1.085999999999985448e+02
-1.990959000000000011e-09 1.099899999999979627e+02
-1.990937000000000029e-09 1.113699999999989814e+02
-1.990903999999999849e-09 1.127599999999983993e+02
-1.990853000000000135e-09 1.141499999999978172e+02
-1.990894999999999875e-09 1.155299999999988358e+02
-1.990919999999999986e-09 1.169199999999982538e+02
-1.991021999999999827e-09 1.183099999999976717e+02
-1.990976999999999958e-09 1.197000000000007276e+02
-1.990877999999999833e-09 1.210799999999981083e+02
-1.990893000000000065e-09 1.224699999999975262e+02
-1.990858999999999980e-09 1.238600000000005821e+02
