-3.011221000000000184e-09 4.000000000014551915e-01
-3.011149999999999885e-09 1.790000000000873115e+00
-3.010995000000000106e-09 3.180000000000291038e+00
-3.011301999999999948e-09 4.569999999999708962e+00
-3.011166000000000022e-09 5.959999999999126885e+00
-3.011262000000000018e-09 7.340000000003783498e+00
-3.011128999999999808e-09 8.730000000003201421e+00
-3.011121000000000153e-09 1.012000000000261934e+01
-3.011103000000000205e-09 1.151000000000203727e+01
-3.011182000000000159e-09 1.288999999999941792e+01
-3.011205999999999951e-09 1.427999999999883585e+01
-3.011178000000000125e-09 1.566999999999825377e+01
-3.011305999999999982e-09 1.705000000000291038e+01
-3.011126000000000092e-09 1.844000000000232831e+01
-3.011065999999999991e-09 1.983000000000174623e+01
-3.011249000000000010e-09 2.122000000000116415e+01
-3.011083000000000034e-09 2.259999999999854481e+01
-3.011247000000000200e-09 2.399000000000523869e+01
-3.011350999999999851e-09 2.538000000000465661e+01
-3.011308000000000206e-09 2.676000000000203727e+01
-3.011274000000000121e-09 2.815000000000145519e+01
-3.011193999999999849e-09 2.954000000000087311e+01
-3.011357000000000109e-09 3.093000000000029104e+01
-3.011218000000000054e-09 3.231000000000494765e+01
-3.011439000000000193e-09 3.370999999999912689e+01
-3.011248000000000105e-09 3.509000000000378350e+01
-3.011252000000000139e-09 3.648000000000320142e+01
-3.011298999999999819e-09 3.787000000000261934e+01
-3.011461000000000174e-09 3.926000000000203727e+01
-3.011366000000000083e-09 4.063999999999941792e+01
-3.011241999999999847e-09 4.202999999999883585e+01
-3.011269000000000182e-09 4.341999999999825377e+01
-3.011287000000000129e-09 4.480000000000291038e+01
-3.011239000000000131e-09 4.619000000000232831e+01
-3.011311999999999827e-09 4.758000000000174623e+01
-3.011352000000000170e-09 4.895999999999912689e+01
-3.011388999999999970e-09 5.034999999999854481e+01
-3.011221000000000184e-09 5.174000000000523869e+01
-3.011079999999999905e-09 5.313000000000465661e+01
-3.011131999999999937e-09 5.452000000000407454e+01
-3.011005999999999890e-09 5.590000000000145519e+01
-3.011295000000000198e-09 5.729000000000087311e+01
-3.011271999999999897e-09 5.868000000000029104e+01
-3.011138000000000195e-09 6.006000000000494765e+01
-3.011148999999999979e-09 6.145999999999912689e+01
-3.011314999999999956e-09 6.284000000000378350e+01
-3.011262999999999923e-09 6.423000000000320142e+01
-3.011162999999999893e-09 6.562000000000261934e+01
-3.011060000000000147e-09 6.700000000000000000e+01
-3.011196000000000072e-09 6.838999999999941792e+01
-3.011174999999999996e-09 6.977999999999883585e+01
-3.011302999999999853e-09 7.116999999999825377e+01
-3.011170000000000056e-09 7.255000000000291038e+01
-3.011305999999999982e-09 7.394000000000232831e+01
-3.011048999999999949e-09 7.533000000000174623e+01
-3.011297000000000008e-09 7.670999999999912689e+01
-3.011298999999999819e-09 7.809999999999854481e+01
-3.011248000000000105e-09 7.949000000000523869e+01
-3.011165000000000117e-09 8.088000000000465661e+01
-3.011345999999999912e-09 8.226000000000203727e+01
-3.011211999999999796e-09 8.365000000000145519e+01
-3.011104000000000110e-09 8.504000000000087311e+01
-3.011128999999999808e-09 8.641999999999825377e+01
-3.011222000000000089e-09 8.781000000000494765e+01
-3.011258999999999889e-09 8.920000000000436557e+01
-3.011148999999999979e-09 9.059000000000378350e+01
-3.011144999999999945e-09 9.197000000000116415e+01
-3.011295000000000198e-09 9.336000000000058208e+01
-3.011157999999999953e-09 9.475000000000000000e+01
-3.011379999999999997e-09 9.613000000000465661e+01
-3.011200000000000107e-09 9.752999999999883585e+01
-3.011205999999999951e-09 9.891000000000349246e+01
-3.011266000000000053e-09 1.003000000000029104e+02
-3.011343000000000196e-09 1.016900000000023283e+02
-3.011444000000000132e-09 1.030699999999997090e+02
-3.011328999999999869e-09 1.044599999999991269e+02
-3.011366000000000083e-09 1.058499999999985448e+02
-3.011359999999999825e-09 1.072400000000052387e+02
-3.011371999999999928e-09 1.086200000000026193e+02
-3.011455999999999821e-09 1.100100000000020373e+02
-3.011310999999999922e-09 1.114000000000014552e+02
-3.011265000000000147e-09 1.127900000000008731e+02
-3.011227000000000028e-09 1.141699999999982538e+02
-3.011336000000000033e-09 1.155600000000049477e+02
-3.011240999999999942e-09 1.169500000000043656e+02
-3.011237999999999812e-09 1.183300000000017462e+02
-3.011162999999999893e-09 1.197200000000011642e+02
-3.011276999999999837e-09 1.211100000000005821e+02
-3.011248000000000105e-09 1.225000000000000000e+02
-3.011100000000000076e-09 1.238800000000046566e+02
